= RESTART: C:/Users/ayzat/OneDrive/Документы/Файлы с флешки/Ulstu/алгоритмы и структуры данных/lab_5.py
Введите K:
2
Введите размерность N матрицы A (натуральное четное число):
4

Сгенерированная матрица A:
   -10      7     -3      6 
    -8     -9      4      9 
     4      3     -8     -9 
    -3      4      8    -10 


Матрица B:
    -3      6 
     4      9 


Матрица C:
    -8     -9 
     8    -10 


Матрица D:
     4      3 
    -3      4 


Матрица E:
   -10      7 
    -8     -9 




Количество чисел (в четных столбцах подматрицы E), больших k: 1
Сумма чисел в нечетных строках подматрицы E: -3
Первое число больше, поэтому симметрично меняем местами подматрицы C и E в матрице F
Получаем следующую матрицу F:
   -10      8     -3      6 
    -9     -8      4      9 
     4      3     -9     -8 
    -3      4      7    -10 




Определитель матрицы A: 17946
Сумма диагональных элементов матрицы F: -37
Транспонированная матрица A_T
   -10     -8      4     -3 
     7     -9      3      4 
    -3      4     -8      8 
     6      9     -9    -10 

Транспонированная матрица F_T
   -10     -9      4     -3 
     8     -8      3      4 
    -3      4     -9      7 
     6      9     -8    -10 

Произведение A и A_T
   194     59    -49    -26 
    59    242   -172    -70 
   -49   -172    170     26 
   -26    -70     26    189 

Произведение матрицы F_T на -k
    20     18     -8      6 
   -16     16     -6     -8 
     6     -8     18    -14 
   -12    -18     16     20 

Итоговая матрица
   214     77    -57    -20 
    43    258   -178    -78 
   -43   -180    188     12 
   -38    -88     42    209 

